83, 24, 0, 4, 58, 85, 77, 63, 48, 70, 52, 77, 122, 163, 175, 174, 138, 92, 55, 22, 0, 0, 24, 0, 28, 74, 96, 58, 13, 25, 37, 47, 53, 51, 19, 24, 28, 27, 41, 33, 44, 38, 21, 11, 19, 21, 0, 27, 145, 141, 111, 43, 47, 30, 29, 12, 0, 25, 18, 58, 83, 95, 92, 57, 6, 0, 5, 13, 20, 42, 71, 17, 68, 127, 99, 14, 31, 85, 86, 85, 66, 10, 0, 19, 26, 52, 29, 15, 0, 23, 61, 64, 
42, 85, 52, 9, 15, 48, 44, 67, 42, 64, 69, 73, 126, 131, 132, 88, 0, 0, 0, 13, 41, 72, 41, 76, 109, 86, 109, 98, 23, 44, 41, 36, 44, 17, 24, 40, 87, 57, 34, 36, 60, 54, 17, 31, 41, 15, 0, 73, 126, 122, 74, 25, 36, 4, 0, 5, 30, 17, 24, 19, 70, 58, 95, 84, 23, 0, 0, 9, 13, 23, 41, 12, 59, 126, 127, 56, 115, 73, 70, 75, 28, 20, 23, 0, 25, 78, 19, 0, 23, 52, 63, 90, 
78, 145, 110, 0, 10, 63, 65, 28, 78, 48, 60, 36, 24, 0, 0, 0, 15, 48, 44, 14, 11, 60, 112, 117, 59, 6, 44, 47, 35, 42, 41, 39, 28, 27, 0, 46, 98, 94, 42, 38, 46, 38, 5, 20, 39, 33, 0, 91, 117, 114, 26, 33, 25, 0, 9, 21, 37, 35, 62, 64, 24, 83, 50, 50, 68, 83, 51, 20, 15, 12, 0, 18, 56, 130, 119, 94, 89, 114, 96, 37, 18, 54, 53, 22, 33, 119, 60, 47, 33, 56, 68, 72, 
51, 86, 86, 61, 0, 50, 52, 68, 73, 45, 61, 57, 3, 0, 16, 27, 68, 34, 1, 86, 123, 85, 83, 10, 23, 35, 0, 17, 38, 46, 35, 36, 41, 44, 27, 33, 105, 83, 22, 0, 13, 36, 56, 64, 42, 36, 21, 120, 117, 97, 42, 71, 30, 24, 19, 31, 50, 47, 62, 74, 32, 31, 81, 52, 85, 130, 112, 4, 0, 16, 69, 28, 0, 125, 124, 105, 117, 114, 45, 0, 8, 41, 24, 23, 31, 97, 61, 0, 52, 40, 59, 76, 
4, 70, 46, 76, 51, 46, 36, 64, 66, 41, 30, 33, 39, 32, 26, 23, 0, 0, 107, 118, 95, 57, 5, 31, 4, 7, 16, 17, 9, 5, 19, 22, 52, 67, 32, 10, 70, 88, 38, 20, 20, 29, 56, 79, 38, 0, 52, 129, 127, 73, 45, 66, 35, 49, 0, 13, 58, 62, 55, 56, 71, 4, 54, 73, 86, 87, 97, 59, 6, 14, 47, 14, 23, 96, 120, 106, 117, 59, 13, 31, 29, 10, 3, 32, 0, 63, 45, 19, 31, 14, 26, 39, 
88, 104, 69, 49, 55, 63, 46, 37, 63, 36, 52, 81, 82, 55, 40, 54, 38, 31, 79, 81, 80, 49, 16, 17, 5, 4, 8, 21, 19, 15, 10, 11, 33, 57, 26, 1, 22, 73, 40, 35, 30, 18, 39, 61, 41, 0, 62, 96, 99, 45, 26, 33, 1, 0, 1, 41, 51, 37, 44, 59, 53, 32, 39, 67, 87, 69, 59, 106, 63, 0, 32, 26, 11, 58, 99, 86, 130, 45, 0, 39, 32, 28, 18, 28, 6, 40, 75, 29, 20, 28, 23, 18, 
121, 115, 99, 58, 70, 92, 98, 59, 45, 43, 76, 114, 82, 39, 54, 70, 86, 67, 25, 45, 73, 52, 23, 7, 9, 21, 20, 15, 9, 32, 18, 9, 24, 14, 0, 3, 19, 99, 39, 26, 32, 8, 6, 7, 18, 0, 83, 89, 91, 25, 33, 28, 0, 5, 50, 64, 58, 38, 57, 66, 46, 54, 29, 52, 81, 47, 34, 93, 90, 8, 15, 23, 8, 52, 88, 104, 119, 65, 11, 17, 20, 31, 20, 39, 28, 27, 85, 37, 30, 35, 14, 19, 
99, 81, 96, 108, 93, 95, 97, 73, 33, 24, 93, 102, 44, 9, 41, 49, 79, 55, 18, 25, 52, 24, 31, 4, 0, 29, 15, 26, 19, 25, 38, 19, 16, 12, 0, 9, 27, 111, 75, 26, 35, 23, 0, 0, 7, 0, 88, 98, 78, 16, 37, 28, 7, 16, 61, 34, 30, 39, 61, 74, 76, 56, 35, 34, 69, 37, 10, 52, 94, 50, 0, 2, 38, 96, 99, 117, 106, 82, 19, 0, 31, 32, 17, 33, 41, 3, 87, 39, 32, 26, 28, 8, 
51, 49, 70, 113, 81, 28, 53, 51, 36, 7, 101, 69, 4, 20, 25, 25, 21, 26, 41, 26, 22, 3, 15, 22, 3, 20, 27, 41, 38, 10, 56, 37, 1, 53, 24, 9, 0, 96, 93, 41, 32, 40, 28, 31, 0, 0, 97, 101, 59, 18, 31, 29, 17, 16, 30, 6, 2, 33, 44, 60, 79, 71, 63, 26, 46, 55, 11, 21, 94, 103, 18, 0, 64, 105, 102, 114, 104, 86, 15, 11, 29, 31, 16, 29, 52, 1, 65, 65, 25, 25, 38, 8, 
0, 49, 48, 75, 57, 0, 12, 63, 42, 26, 75, 34, 12, 6, 23, 19, 0, 12, 34, 37, 20, 20, 17, 21, 20, 39, 29, 29, 56, 32, 40, 35, 12, 54, 43, 0, 0, 60, 100, 34, 14, 20, 26, 73, 47, 40, 88, 97, 39, 27, 31, 7, 17, 28, 27, 33, 33, 39, 0, 0, 52, 93, 83, 46, 25, 57, 53, 0, 40, 125, 80, 35, 85, 75, 29, 122, 133, 111, 29, 0, 40, 23, 43, 32, 65, 43, 12, 85, 41, 42, 34, 17, 
6, 22, 42, 34, 46, 43, 0, 5, 40, 49, 67, 48, 22, 3, 16, 12, 37, 21, 22, 21, 31, 22, 15, 32, 21, 46, 59, 37, 72, 92, 24, 19, 9, 63, 62, 8, 18, 50, 109, 50, 14, 15, 42, 113, 58, 51, 98, 84, 0, 21, 33, 6, 15, 25, 18, 27, 39, 42, 75, 67, 51, 0, 58, 125, 46, 31, 69, 0, 0, 102, 111, 154, 145, 46, 0, 106, 144, 147, 72, 0, 39, 65, 67, 82, 75, 71, 0, 89, 52, 8, 0, 1, 
48, 12, 14, 23, 25, 77, 59, 0, 0, 48, 88, 90, 31, 1, 0, 4, 36, 33, 25, 1, 10, 31, 5, 0, 30, 12, 51, 45, 60, 47, 51, 26, 30, 16, 44, 32, 14, 0, 55, 78, 24, 2, 45, 118, 51, 48, 93, 63, 18, 29, 40, 25, 14, 20, 31, 24, 36, 30, 28, 73, 121, 119, 78, 31, 77, 71, 49, 46, 0, 32, 151, 121, 121, 82, 0, 39, 146, 137, 116, 32, 38, 71, 68, 61, 52, 44, 7, 52, 81, 16, 29, 33, 
27, 34, 37, 15, 14, 29, 67, 51, 0, 69, 133, 118, 59, 6, 1, 12, 11, 55, 18, 10, 0, 66, 81, 38, 25, 17, 20, 39, 52, 40, 9, 47, 33, 0, 9, 3, 23, 3, 23, 85, 12, 0, 88, 124, 29, 60, 83, 26, 12, 8, 27, 41, 36, 29, 37, 32, 30, 36, 44, 75, 103, 99, 123, 98, 66, 33, 64, 79, 24, 1, 51, 139, 111, 0, 0, 26, 131, 146, 131, 94, 32, 45, 56, 49, 33, 70, 39, 15, 63, 55, 38, 41, 
27, 60, 53, 46, 3, 33, 43, 52, 32, 38, 84, 110, 77, 12, 1, 4, 20, 43, 27, 0, 29, 93, 110, 78, 45, 63, 52, 52, 70, 62, 2, 0, 53, 57, 26, 30, 33, 0, 0, 45, 53, 69, 111, 103, 22, 58, 57, 24, 14, 13, 26, 34, 50, 30, 19, 45, 25, 0, 41, 26, 89, 63, 69, 73, 89, 61, 46, 67, 76, 12, 0, 97, 137, 58, 4, 9, 93, 140, 133, 110, 66, 68, 41, 31, 45, 52, 35, 26, 36, 42, 38, 16, 
33, 49, 50, 34, 0, 28, 33, 49, 31, 14, 51, 85, 94, 54, 0, 0, 22, 36, 24, 0, 71, 83, 112, 84, 73, 82, 70, 53, 60, 52, 34, 0, 3, 58, 57, 101, 97, 42, 0, 0, 44, 117, 129, 70, 5, 52, 54, 15, 5, 27, 34, 28, 60, 44, 25, 47, 18, 6, 6, 18, 25, 36, 53, 28, 51, 89, 83, 73, 103, 66, 14, 11, 100, 104, 31, 0, 38, 128, 131, 88, 63, 37, 7, 38, 45, 24, 59, 43, 28, 35, 30, 15, 
7, 29, 1, 19, 3, 0, 103, 109, 73, 0, 22, 52, 69, 71, 23, 2, 7, 33, 16, 48, 97, 67, 100, 81, 52, 58, 29, 26, 51, 56, 69, 48, 0, 0, 79, 155, 143, 97, 20, 0, 2, 97, 104, 16, 0, 62, 53, 16, 9, 47, 48, 35, 74, 70, 53, 38, 45, 33, 54, 69, 26, 26, 42, 28, 19, 85, 139, 110, 106, 93, 59, 13, 17, 100, 81, 3, 0, 74, 107, 85, 78, 54, 34, 49, 45, 17, 52, 53, 52, 69, 30, 20, 
0, 9, 11, 45, 28, 0, 114, 175, 155, 41, 0, 22, 34, 66, 60, 10, 0, 25, 9, 94, 84, 81, 77, 53, 37, 20, 3, 0, 22, 37, 69, 104, 83, 0, 36, 147, 106, 168, 82, 0, 0, 52, 87, 0, 15, 63, 48, 22, 23, 31, 57, 42, 52, 71, 61, 22, 57, 66, 78, 91, 64, 31, 29, 27, 0, 64, 130, 147, 130, 102, 105, 79, 11, 40, 99, 25, 0, 14, 42, 66, 109, 96, 68, 55, 33, 38, 36, 35, 56, 70, 50, 34, 
0, 20, 28, 22, 50, 4, 13, 135, 165, 138, 0, 16, 13, 54, 84, 38, 12, 0, 46, 77, 75, 71, 63, 47, 63, 81, 51, 18, 0, 9, 52, 92, 128, 110, 0, 79, 85, 185, 165, 50, 0, 36, 93, 0, 8, 85, 50, 24, 57, 57, 33, 18, 3, 30, 10, 0, 59, 91, 20, 47, 0, 29, 23, 9, 0, 4, 106, 130, 163, 134, 110, 92, 84, 29, 26, 72, 12, 2, 3, 29, 100, 89, 63, 47, 35, 25, 43, 28, 0, 4, 68, 55, 
75, 71, 34, 28, 30, 3, 8, 85, 155, 155, 104, 14, 0, 24, 65, 75, 1, 16, 50, 74, 59, 55, 33, 28, 51, 78, 86, 88, 66, 24, 0, 0, 120, 196, 93, 27, 93, 125, 201, 128, 16, 0, 59, 35, 0, 86, 74, 53, 68, 74, 5, 0, 34, 7, 0, 0, 59, 81, 24, 13, 1, 42, 40, 60, 51, 9, 0, 80, 159, 166, 151, 90, 88, 82, 15, 0, 58, 17, 0, 37, 122, 123, 63, 0, 0, 35, 0, 5, 10, 0, 9, 57, 
98, 97, 87, 89, 50, 71, 19, 0, 88, 153, 161, 89, 22, 0, 10, 85, 42, 16, 30, 34, 38, 54, 28, 54, 67, 80, 82, 87, 78, 88, 92, 0, 8, 157, 115, 125, 158, 75, 154, 195, 89, 0, 0, 48, 0, 57, 115, 13, 22, 56, 82, 69, 20, 0, 0, 47, 58, 71, 36, 53, 38, 23, 58, 42, 22, 49, 78, 71, 114, 149, 144, 96, 60, 67, 41, 46, 9, 0, 17, 118, 109, 67, 55, 96, 109, 116, 117, 105, 111, 115, 101, 112, 
85, 37, 35, 32, 39, 53, 58, 25, 17, 118, 149, 149, 80, 27, 0, 27, 96, 37, 23, 43, 35, 18, 20, 37, 60, 74, 69, 69, 76, 44, 77, 120, 72, 0, 73, 124, 196, 155, 77, 126, 141, 60, 0, 0, 72, 94, 25, 60, 107, 88, 25, 0, 7, 73, 97, 103, 91, 64, 66, 37, 46, 5, 1, 81, 92, 102, 105, 83, 113, 135, 129, 128, 117, 94, 89, 90, 69, 10, 16, 88, 113, 109, 102, 111, 115, 103, 63, 56, 61, 34, 50, 49, 
95, 53, 33, 16, 28, 25, 22, 17, 55, 65, 110, 135, 91, 87, 93, 31, 59, 0, 0, 18, 96, 42, 5, 6, 59, 58, 57, 66, 48, 28, 71, 82, 33, 17, 0, 36, 188, 136, 82, 62, 98, 86, 26, 0, 29, 32, 50, 103, 54, 0, 0, 31, 69, 86, 83, 66, 53, 56, 50, 12, 6, 24, 24, 23, 95, 98, 107, 113, 133, 144, 151, 144, 149, 136, 116, 122, 87, 27, 0, 63, 81, 77, 49, 49, 83, 61, 35, 32, 25, 12, 23, 24, 
46, 41, 52, 16, 0, 15, 25, 1, 8, 10, 49, 72, 132, 107, 76, 93, 89, 50, 8, 0, 88, 58, 0, 35, 65, 54, 65, 60, 67, 80, 85, 94, 96, 101, 83, 85, 150, 127, 126, 106, 84, 61, 27, 48, 10, 34, 100, 82, 10, 0, 42, 75, 91, 86, 73, 60, 50, 44, 37, 15, 31, 19, 46, 57, 106, 110, 113, 110, 125, 145, 143, 141, 149, 119, 101, 54, 23, 32, 11, 0, 34, 53, 45, 67, 55, 44, 42, 13, 22, 30, 31, 28, 
53, 46, 64, 53, 16, 0, 0, 30, 0, 0, 0, 68, 167, 126, 102, 159, 136, 94, 21, 0, 54, 26, 1, 60, 65, 55, 64, 48, 79, 95, 78, 87, 125, 153, 154, 165, 154, 135, 153, 142, 120, 79, 33, 28, 45, 63, 95, 61, 52, 40, 80, 85, 77, 80, 75, 63, 36, 14, 24, 27, 50, 24, 52, 71, 84, 75, 78, 97, 127, 139, 137, 107, 95, 74, 54, 7, 2, 41, 0, 0, 32, 49, 43, 53, 66, 34, 46, 38, 23, 53, 29, 41, 
97, 71, 62, 81, 40, 19, 3, 32, 37, 28, 0, 56, 144, 144, 145, 168, 159, 124, 56, 0, 21, 32, 17, 38, 69, 73, 66, 48, 72, 89, 63, 82, 111, 148, 164, 176, 181, 151, 163, 163, 159, 145, 83, 11, 56, 102, 86, 61, 80, 68, 78, 85, 81, 81, 70, 46, 19, 15, 13, 38, 43, 47, 31, 50, 70, 68, 70, 92, 110, 121, 102, 36, 22, 38, 10, 0, 52, 39, 0, 0, 47, 46, 44, 38, 52, 36, 20, 49, 26, 32, 16, 11, 
102, 65, 47, 55, 72, 56, 18, 15, 49, 35, 19, 0, 119, 172, 164, 154, 150, 147, 92, 35, 11, 52, 43, 26, 64, 78, 71, 65, 59, 84, 78, 94, 139, 163, 188, 170, 165, 165, 157, 162, 161, 143, 136, 94, 29, 111, 115, 62, 35, 34, 78, 81, 79, 63, 44, 10, 22, 15, 19, 20, 35, 35, 31, 72, 106, 110, 101, 95, 67, 66, 45, 0, 10, 12, 7, 20, 69, 33, 0, 36, 42, 48, 43, 30, 45, 48, 0, 30, 23, 8, 0, 6, 
56, 16, 40, 29, 39, 45, 42, 5, 18, 4, 0, 10, 121, 171, 153, 146, 148, 118, 77, 25, 1, 0, 88, 76, 44, 51, 67, 60, 53, 72, 89, 77, 130, 166, 168, 167, 174, 141, 130, 124, 129, 108, 96, 102, 60, 96, 136, 114, 10, 26, 73, 72, 56, 29, 14, 20, 14, 2, 56, 24, 0, 53, 106, 113, 108, 102, 47, 19, 45, 6, 0, 26, 75, 73, 0, 51, 70, 28, 7, 60, 48, 42, 48, 37, 61, 46, 30, 34, 12, 0, 16, 60, 
0, 0, 68, 81, 58, 13, 17, 26, 22, 22, 48, 92, 120, 132, 110, 56, 51, 94, 75, 67, 17, 8, 59, 84, 59, 48, 79, 90, 76, 78, 74, 82, 65, 34, 0, 9, 0, 6, 30, 20, 0, 10, 59, 57, 17, 78, 133, 131, 34, 23, 53, 34, 27, 18, 33, 36, 22, 16, 0, 27, 49, 78, 75, 68, 55, 18, 23, 8, 0, 0, 102, 124, 76, 6, 22, 92, 80, 20, 0, 48, 52, 41, 35, 81, 97, 97, 71, 70, 41, 43, 90, 65, 
0, 4, 67, 91, 62, 17, 34, 81, 123, 133, 140, 133, 70, 0, 0, 75, 133, 88, 72, 68, 43, 13, 53, 93, 67, 76, 68, 79, 81, 52, 38, 0, 0, 0, 0, 62, 23, 25, 14, 19, 89, 98, 83, 32, 0, 20, 73, 38, 22, 18, 6, 19, 17, 17, 0, 6, 30, 37, 54, 65, 68, 59, 43, 36, 8, 0, 5, 0, 39, 78, 72, 64, 26, 0, 25, 81, 39, 25, 10, 0, 7, 37, 47, 66, 67, 61, 96, 76, 83, 47, 22, 24, 
18, 0, 16, 44, 53, 78, 109, 113, 117, 105, 84, 45, 2, 52, 121, 133, 78, 70, 83, 110, 52, 16, 7, 53, 116, 102, 114, 72, 22, 0, 15, 0, 0, 93, 95, 73, 28, 3, 37, 86, 83, 46, 5, 13, 19, 29, 59, 0, 14, 7, 3, 8, 8, 28, 50, 57, 58, 59, 60, 40, 39, 12, 23, 39, 23, 15, 28, 56, 66, 46, 6, 0, 11, 0, 17, 67, 49, 6, 0, 23, 51, 53, 50, 44, 66, 46, 52, 54, 48, 42, 27, 11, 
1, 0, 3, 40, 84, 95, 100, 66, 104, 87, 25, 0, 68, 140, 150, 59, 70, 89, 66, 112, 92, 22, 52, 26, 58, 77, 55, 21, 10, 12, 0, 4, 43, 82, 58, 10, 5, 0, 40, 51, 28, 9, 3, 0, 28, 39, 77, 15, 0, 13, 14, 12, 22, 61, 67, 63, 61, 40, 40, 25, 4, 17, 5, 16, 20, 43, 67, 65, 55, 40, 18, 5, 16, 1, 8, 49, 53, 23, 0, 11, 7, 15, 23, 31, 55, 33, 33, 41, 49, 22, 0, 30, 
4, 14, 13, 26, 52, 28, 68, 32, 77, 67, 0, 49, 140, 154, 85, 38, 83, 55, 45, 80, 124, 53, 36, 45, 34, 59, 53, 54, 70, 56, 36, 35, 58, 38, 19, 11, 4, 13, 43, 19, 8, 0, 0, 0, 20, 68, 109, 70, 19, 0, 12, 14, 39, 61, 62, 47, 35, 20, 21, 8, 10, 8, 1, 14, 43, 62, 68, 43, 24, 27, 21, 26, 25, 7, 15, 55, 54, 40, 14, 6, 8, 15, 17, 19, 39, 42, 42, 49, 38, 3, 24, 59, 
32, 38, 31, 31, 32, 31, 55, 28, 62, 22, 44, 131, 160, 97, 17, 73, 71, 19, 30, 52, 107, 54, 20, 31, 28, 36, 61, 85, 91, 62, 65, 58, 46, 17, 7, 26, 36, 33, 63, 21, 13, 0, 0, 21, 50, 112, 125, 93, 24, 0, 10, 27, 54, 55, 36, 22, 17, 19, 23, 2, 21, 11, 26, 44, 61, 60, 41, 21, 8, 22, 16, 30, 27, 20, 21, 57, 50, 32, 25, 13, 10, 21, 2, 13, 8, 57, 42, 51, 13, 4, 66, 68, 
8, 2, 18, 21, 19, 31, 71, 53, 38, 24, 114, 158, 103, 18, 56, 86, 35, 12, 6, 56, 39, 43, 21, 7, 31, 25, 50, 58, 56, 49, 66, 71, 0, 13, 5, 36, 56, 53, 52, 34, 19, 0, 33, 74, 83, 98, 111, 61, 1, 10, 25, 31, 46, 33, 11, 14, 21, 22, 17, 14, 12, 41, 58, 72, 64, 29, 15, 18, 9, 17, 32, 23, 20, 53, 15, 52, 56, 18, 31, 8, 10, 8, 0, 21, 0, 25, 39, 18, 0, 45, 69, 35, 
16, 31, 21, 23, 40, 17, 67, 39, 0, 117, 151, 123, 11, 37, 122, 81, 29, 26, 31, 86, 0, 23, 9, 0, 28, 40, 58, 56, 55, 60, 59, 26, 2, 0, 45, 61, 57, 22, 11, 37, 44, 68, 90, 79, 98, 67, 111, 23, 0, 0, 24, 33, 20, 9, 7, 18, 17, 20, 13, 10, 41, 38, 70, 74, 42, 24, 14, 20, 29, 26, 47, 42, 21, 62, 9, 52, 43, 3, 14, 14, 1, 9, 26, 24, 4, 25, 18, 0, 71, 75, 9, 0, 
66, 27, 2, 15, 48, 26, 62, 2, 66, 132, 117, 54, 0, 77, 100, 39, 34, 29, 25, 53, 0, 27, 37, 0, 13, 24, 55, 84, 81, 83, 23, 0, 0, 54, 57, 51, 30, 27, 48, 42, 88, 88, 51, 49, 31, 56, 63, 37, 29, 14, 0, 10, 24, 26, 21, 21, 19, 0, 33, 37, 56, 65, 64, 32, 17, 22, 16, 23, 17, 29, 39, 19, 33, 58, 0, 60, 29, 5, 18, 27, 20, 19, 23, 13, 47, 79, 74, 91, 54, 27, 0, 13, 
29, 57, 32, 0, 22, 32, 90, 108, 120, 79, 78, 0, 40, 92, 25, 0, 50, 28, 8, 7, 0, 0, 41, 53, 9, 0, 31, 62, 78, 49, 42, 25, 34, 30, 15, 36, 43, 17, 31, 53, 64, 51, 48, 33, 14, 78, 54, 36, 8, 16, 24, 41, 27, 5, 12, 10, 31, 23, 24, 42, 73, 72, 23, 0, 22, 10, 21, 20, 38, 8, 19, 21, 25, 6, 6, 44, 41, 6, 28, 43, 43, 34, 24, 39, 64, 77, 78, 68, 39, 2, 19, 80, 
12, 39, 50, 41, 8, 7, 49, 97, 120, 79, 28, 0, 52, 67, 0, 8, 22, 31, 34, 0, 11, 0, 18, 12, 18, 10, 29, 51, 42, 40, 34, 27, 45, 34, 26, 41, 43, 23, 19, 24, 6, 0, 21, 0, 55, 80, 70, 0, 33, 0, 28, 23, 13, 29, 15, 8, 8, 43, 55, 65, 53, 16, 23, 43, 10, 9, 12, 12, 11, 19, 22, 19, 6, 0, 39, 32, 37, 5, 8, 28, 39, 20, 23, 57, 51, 43, 72, 75, 35, 0, 73, 88, 
31, 27, 36, 35, 35, 26, 0, 49, 93, 84, 11, 6, 68, 7, 0, 35, 26, 42, 49, 22, 45, 0, 30, 6, 25, 30, 15, 38, 36, 27, 30, 23, 18, 30, 38, 11, 23, 14, 10, 7, 0, 20, 26, 0, 60, 85, 62, 15, 19, 32, 32, 23, 19, 15, 32, 32, 20, 40, 55, 42, 15, 15, 14, 11, 20, 14, 2, 4, 7, 20, 16, 12, 0, 45, 44, 44, 11, 18, 14, 16, 24, 14, 13, 22, 30, 62, 49, 0, 22, 48, 70, 62, 
24, 8, 18, 33, 32, 7, 0, 46, 88, 47, 0, 38, 36, 0, 18, 34, 38, 40, 40, 46, 34, 14, 19, 10, 26, 44, 12, 24, 39, 31, 22, 24, 29, 19, 29, 26, 1, 32, 13, 0, 17, 43, 25, 1, 70, 80, 43, 3, 25, 31, 30, 19, 17, 13, 26, 14, 18, 38, 38, 0, 1, 10, 15, 10, 36, 7, 10, 26, 0, 5, 21, 9, 6, 54, 39, 36, 9, 8, 18, 24, 19, 12, 9, 18, 40, 82, 55, 11, 27, 54, 53, 50, 
26, 14, 23, 28, 9, 2, 12, 56, 84, 1, 2, 57, 0, 3, 32, 41, 30, 51, 39, 30, 24, 12, 22, 6, 31, 36, 24, 21, 24, 18, 33, 30, 37, 29, 12, 31, 12, 23, 11, 10, 34, 39, 25, 16, 78, 85, 29, 26, 18, 21, 21, 24, 18, 17, 12, 14, 10, 10, 23, 0, 16, 6, 20, 22, 25, 26, 22, 30, 24, 9, 14, 11, 32, 40, 34, 17, 15, 18, 20, 15, 10, 8, 15, 16, 46, 77, 60, 39, 43, 46, 49, 48, 
38, 19, 17, 14, 8, 3, 38, 55, 66, 0, 55, 42, 0, 31, 29, 38, 37, 35, 39, 25, 36, 0, 27, 7, 39, 49, 16, 6, 21, 17, 26, 27, 33, 26, 8, 27, 18, 20, 6, 19, 22, 23, 9, 42, 74, 79, 22, 46, 7, 23, 28, 19, 13, 28, 12, 22, 13, 0, 14, 29, 14, 17, 20, 22, 22, 21, 19, 10, 21, 27, 12, 7, 42, 53, 33, 4, 31, 28, 0, 4, 15, 23, 16, 7, 38, 46, 37, 56, 46, 54, 41, 23, 
22, 26, 19, 14, 9, 10, 38, 41, 31, 0, 63, 5, 0, 45, 24, 17, 38, 21, 26, 49, 23, 9, 37, 13, 41, 65, 24, 0, 21, 20, 14, 5, 16, 19, 24, 0, 12, 23, 12, 14, 34, 38, 5, 41, 76, 72, 25, 8, 15, 6, 15, 21, 7, 16, 20, 19, 18, 6, 5, 37, 7, 34, 13, 15, 22, 25, 5, 14, 12, 26, 20, 0, 35, 67, 24, 24, 17, 31, 9, 13, 8, 6, 13, 1, 6, 0, 0, 56, 55, 48, 26, 3, 
11, 17, 18, 21, 0, 12, 8, 42, 3, 9, 69, 0, 12, 20, 36, 32, 7, 28, 45, 36, 31, 3, 39, 14, 18, 70, 50, 10, 36, 23, 10, 33, 28, 19, 21, 32, 15, 16, 22, 22, 30, 24, 15, 46, 73, 41, 13, 14, 33, 10, 4, 13, 22, 11, 19, 16, 18, 36, 26, 30, 16, 21, 7, 15, 8, 17, 7, 22, 16, 2, 0, 25, 72, 50, 13, 27, 12, 15, 12, 16, 2, 0, 11, 16, 0, 14, 61, 62, 54, 26, 6, 20, 
36, 25, 17, 0, 28, 12, 33, 10, 0, 69, 31, 0, 40, 46, 38, 36, 27, 22, 3, 21, 32, 11, 34, 10, 9, 57, 61, 0, 0, 16, 27, 26, 26, 32, 23, 18, 2, 14, 8, 26, 24, 17, 0, 65, 59, 4, 1, 32, 21, 16, 21, 9, 12, 11, 18, 13, 16, 13, 3, 38, 8, 8, 17, 2, 19, 10, 2, 15, 15, 0, 4, 47, 73, 33, 0, 11, 10, 12, 24, 22, 1, 10, 10, 0, 0, 54, 56, 59, 51, 9, 17, 22, 
22, 31, 34, 27, 26, 0, 9, 65, 38, 46, 18, 23, 53, 39, 21, 27, 35, 13, 28, 23, 6, 29, 36, 22, 11, 28, 53, 26, 19, 25, 27, 22, 40, 21, 40, 20, 27, 0, 46, 27, 26, 23, 22, 53, 12, 17, 14, 7, 0, 24, 13, 15, 8, 11, 36, 5, 7, 12, 42, 0, 15, 16, 14, 9, 10, 5, 10, 0, 32, 52, 0, 65, 52, 20, 36, 0, 4, 11, 10, 12, 10, 17, 8, 12, 11, 77, 56, 56, 15, 18, 4, 20, 
21, 15, 21, 37, 15, 14, 35, 64, 80, 19, 0, 45, 34, 33, 39, 25, 13, 31, 35, 38, 24, 14, 43, 29, 0, 8, 44, 42, 11, 16, 37, 34, 31, 22, 31, 42, 18, 26, 29, 36, 15, 25, 25, 44, 26, 0, 2, 30, 14, 20, 11, 0, 22, 43, 21, 16, 2, 12, 9, 3, 22, 13, 23, 22, 8, 11, 5, 0, 9, 33, 13, 63, 24, 16, 27, 17, 6, 10, 0, 7, 18, 12, 12, 4, 17, 79, 49, 41, 8, 13, 22, 5, 
8, 18, 11, 22, 20, 12, 35, 41, 62, 18, 0, 41, 34, 33, 25, 17, 22, 24, 36, 20, 30, 12, 61, 32, 0, 21, 41, 42, 9, 2, 16, 23, 44, 36, 30, 29, 15, 29, 37, 55, 28, 0, 29, 48, 23, 0, 5, 12, 22, 23, 13, 2, 20, 29, 26, 20, 13, 20, 16, 29, 3, 20, 19, 19, 22, 16, 15, 20, 22, 4, 25, 59, 3, 9, 16, 4, 18, 10, 7, 12, 21, 0, 9, 6, 15, 38, 48, 36, 0, 13, 9, 10, 
16, 2, 28, 28, 21, 19, 29, 19, 34, 10, 22, 39, 35, 33, 24, 16, 24, 17, 29, 29, 10, 34, 64, 39, 11, 0, 28, 52, 14, 6, 11, 17, 47, 52, 28, 38, 20, 24, 32, 42, 25, 3, 24, 30, 10, 10, 15, 4, 10, 13, 10, 10, 14, 26, 21, 23, 20, 7, 7, 38, 13, 24, 24, 14, 16, 8, 16, 32, 21, 0, 37, 45, 5, 4, 9, 8, 20, 7, 16, 8, 4, 15, 16, 4, 24, 43, 30, 21, 7, 9, 0, 19, 
41, 23, 13, 25, 30, 24, 27, 12, 15, 1, 43, 37, 34, 27, 15, 17, 24, 14, 31, 26, 0, 27, 78, 64, 14, 0, 22, 43, 27, 17, 6, 23, 38, 39, 32, 29, 35, 27, 11, 18, 22, 28, 37, 25, 17, 16, 30, 33, 0, 12, 7, 8, 23, 11, 27, 12, 11, 6, 1, 17, 28, 20, 21, 12, 1, 17, 11, 23, 9, 2, 51, 22, 11, 1, 9, 11, 13, 20, 17, 9, 11, 10, 17, 0, 26, 42, 31, 12, 8, 7, 10, 7, 
30, 26, 23, 14, 22, 21, 42, 15, 12, 8, 42, 33, 21, 34, 24, 23, 9, 34, 26, 6, 11, 15, 84, 66, 13, 12, 3, 43, 36, 13, 9, 23, 29, 4, 35, 31, 2, 29, 25, 16, 14, 22, 57, 31, 25, 10, 12, 46, 10, 19, 27, 5, 12, 14, 24, 22, 20, 11, 21, 20, 11, 12, 3, 16, 9, 20, 22, 43, 5, 19, 42, 3, 6, 0, 0, 9, 9, 16, 14, 22, 20, 14, 8, 0, 10, 17, 32, 29, 8, 8, 16, 0, 
8, 12, 23, 22, 26, 11, 36, 35, 15, 24, 43, 13, 16, 19, 23, 20, 18, 49, 27, 0, 6, 42, 90, 77, 36, 30, 25, 25, 21, 22, 11, 33, 27, 29, 3, 12, 18, 46, 47, 17, 24, 16, 34, 25, 27, 3, 19, 41, 28, 11, 12, 24, 18, 22, 23, 24, 0, 26, 46, 30, 28, 24, 15, 13, 19, 0, 40, 34, 3, 21, 37, 20, 50, 40, 12, 0, 11, 15, 37, 22, 20, 18, 5, 24, 36, 0, 29, 21, 15, 9, 11, 19, 
1, 18, 0, 21, 30, 10, 19, 44, 13, 47, 24, 17, 46, 28, 40, 10, 2, 0, 29, 36, 24, 0, 70, 90, 38, 15, 0, 9, 49, 32, 24, 0, 25, 33, 15, 26, 39, 52, 54, 14, 0, 0, 0, 8, 13, 6, 8, 0, 24, 3, 18, 45, 30, 25, 17, 0, 16, 25, 0, 43, 33, 13, 32, 30, 21, 12, 25, 0, 0, 43, 28, 0, 0, 22, 11, 32, 17, 19, 25, 17, 12, 9, 18, 27, 18, 21, 0, 11, 15, 0, 2, 13, 
0, 14, 22, 14, 17, 14, 0, 7, 29, 8, 6, 14, 20, 14, 15, 42, 22, 48, 28, 67, 41, 30, 31, 87, 65, 0, 10, 6, 48, 62, 27, 17, 15, 13, 37, 39, 26, 47, 28, 23, 27, 21, 0, 5, 10, 29, 10, 0, 11, 26, 23, 6, 24, 15, 19, 23, 13, 23, 23, 5, 27, 20, 12, 19, 15, 36, 8, 12, 5, 36, 12, 17, 28, 23, 6, 3, 19, 3, 0, 17, 23, 15, 11, 31, 13, 22, 2, 29, 3, 0, 28, 35, 
0, 16, 13, 11, 14, 6, 30, 17, 30, 9, 19, 2, 9, 11, 11, 15, 34, 63, 49, 53, 46, 0, 45, 101, 57, 13, 2, 4, 23, 55, 44, 7, 22, 18, 22, 30, 23, 40, 17, 19, 21, 39, 20, 19, 0, 5, 12, 13, 17, 22, 9, 10, 9, 0, 19, 10, 0, 28, 30, 14, 15, 12, 19, 6, 28, 49, 23, 0, 9, 27, 21, 22, 33, 28, 28, 28, 37, 34, 8, 15, 10, 12, 19, 8, 18, 36, 27, 4, 21, 19, 26, 25, 
0, 11, 13, 11, 20, 31, 36, 26, 30, 43, 22, 12, 17, 7, 7, 19, 23, 47, 38, 26, 43, 15, 0, 85, 65, 18, 11, 8, 7, 27, 46, 27, 3, 14, 20, 8, 26, 29, 11, 30, 18, 21, 29, 16, 11, 23, 20, 8, 3, 17, 13, 16, 7, 16, 15, 39, 16, 8, 17, 36, 36, 2, 14, 21, 27, 10, 16, 0, 15, 25, 20, 33, 43, 18, 35, 45, 4, 13, 12, 17, 12, 18, 13, 22, 14, 34, 34, 13, 8, 24, 14, 28, 
0, 5, 0, 14, 24, 23, 25, 24, 53, 62, 32, 8, 0, 9, 20, 20, 15, 48, 23, 26, 36, 39, 0, 61, 65, 15, 0, 14, 0, 13, 37, 23, 10, 25, 3, 7, 22, 9, 18, 23, 11, 11, 24, 0, 8, 30, 5, 8, 5, 18, 7, 8, 8, 22, 15, 38, 22, 0, 34, 32, 25, 9, 22, 26, 25, 0, 8, 0, 17, 39, 0, 17, 19, 26, 25, 27, 12, 0, 11, 17, 14, 20, 20, 13, 23, 19, 15, 5, 4, 18, 17, 11, 
27, 23, 0, 5, 18, 20, 34, 23, 58, 56, 49, 17, 0, 39, 44, 37, 42, 43, 28, 35, 18, 62, 16, 39, 64, 22, 4, 0, 12, 7, 34, 19, 24, 7, 8, 6, 6, 0, 16, 6, 11, 27, 8, 6, 10, 7, 4, 28, 0, 10, 17, 3, 12, 27, 17, 15, 12, 5, 30, 21, 10, 8, 16, 7, 11, 26, 7, 5, 21, 15, 15, 9, 0, 17, 12, 3, 27, 0, 8, 14, 12, 4, 6, 6, 17, 12, 0, 4, 10, 9, 19, 0, 
50, 48, 26, 0, 21, 36, 43, 42, 33, 47, 53, 33, 19, 26, 40, 41, 40, 29, 22, 31, 11, 46, 27, 40, 63, 13, 10, 1, 12, 13, 29, 24, 11, 0, 18, 21, 12, 12, 21, 5, 20, 28, 0, 12, 2, 1, 19, 19, 3, 0, 20, 9, 15, 18, 16, 15, 32, 25, 22, 16, 18, 8, 0, 7, 19, 38, 23, 23, 42, 1, 42, 19, 0, 1, 5, 2, 33, 12, 0, 16, 19, 7, 7, 15, 7, 8, 13, 6, 22, 1, 12, 0, 
40, 54, 22, 20, 17, 29, 17, 33, 32, 4, 20, 36, 37, 15, 35, 32, 32, 6, 32, 11, 25, 0, 26, 34, 69, 30, 4, 25, 26, 14, 38, 16, 0, 21, 0, 25, 17, 23, 5, 12, 14, 10, 4, 1, 17, 0, 6, 1, 0, 1, 0, 7, 31, 23, 0, 8, 27, 27, 29, 23, 19, 15, 13, 2, 16, 31, 20, 15, 56, 18, 0, 54, 49, 2, 6, 12, 13, 13, 14, 23, 17, 14, 22, 41, 0, 0, 22, 11, 18, 10, 8, 12, 
5, 23, 36, 24, 12, 14, 16, 38, 24, 43, 60, 26, 22, 34, 9, 31, 16, 15, 35, 29, 14, 26, 27, 25, 68, 44, 39, 4, 0, 1, 16, 16, 28, 22, 43, 21, 17, 30, 15, 19, 18, 12, 26, 29, 18, 6, 3, 20, 20, 24, 0, 0, 12, 29, 22, 24, 15, 17, 18, 6, 12, 23, 36, 19, 24, 27, 10, 16, 16, 5, 31, 23, 72, 18, 0, 37, 0, 19, 40, 19, 1, 7, 27, 18, 19, 4, 9, 2, 26, 29, 8, 0, 
25, 28, 33, 10, 11, 36, 18, 33, 20, 48, 32, 25, 17, 23, 14, 3, 29, 35, 23, 51, 53, 44, 48, 36, 80, 23, 0, 8, 22, 22, 21, 36, 37, 14, 6, 6, 0, 11, 16, 18, 6, 10, 18, 18, 0, 17, 0, 0, 22, 4, 1, 22, 11, 11, 17, 17, 35, 0, 7, 35, 23, 0, 32, 40, 10, 10, 17, 27, 49, 19, 12, 16, 25, 41, 15, 12, 1, 17, 20, 17, 0, 32, 6, 0, 15, 11, 11, 0, 6, 6, 15, 26, 
40, 35, 21, 7, 20, 7, 4, 12, 27, 21, 20, 16, 21, 41, 39, 27, 23, 32, 11, 39, 7, 53, 7, 15, 29, 35, 30, 0, 17, 21, 43, 15, 0, 35, 36, 15, 28, 25, 21, 37, 0, 1, 17, 30, 40, 11, 2, 40, 15, 37, 2, 0, 25, 40, 16, 29, 16, 16, 30, 39, 34, 1, 5, 17, 31, 25, 16, 1, 0, 7, 0, 22, 55, 32, 11, 2, 24, 22, 18, 17, 53, 58, 0, 50, 9, 10, 0, 5, 0, 3, 11, 37, 
23, 14, 8, 8, 4, 3, 1, 10, 12, 21, 6, 7, 26, 28, 25, 44, 28, 8, 19, 25, 6, 2, 9, 8, 35, 45, 29, 0, 7, 24, 11, 24, 29, 6, 16, 24, 29, 13, 15, 35, 18, 15, 7, 10, 9, 11, 0, 36, 8, 2, 10, 30, 13, 49, 33, 0, 17, 22, 22, 27, 49, 15, 0, 27, 19, 35, 18, 12, 0, 6, 34, 6, 10, 47, 1, 0, 1, 20, 4, 27, 63, 37, 0, 47, 0, 35, 41, 0, 11, 46, 13, 26, 
2, 0, 3, 41, 36, 19, 0, 19, 15, 36, 17, 9, 12, 3, 20, 26, 18, 6, 31, 25, 48, 0, 14, 46, 26, 51, 50, 2, 0, 16, 0, 24, 37, 2, 22, 36, 10, 9, 6, 19, 26, 41, 22, 20, 13, 1, 0, 46, 18, 10, 28, 14, 0, 52, 51, 21, 33, 36, 0, 9, 4, 18, 20, 22, 20, 4, 0, 17, 15, 2, 17, 15, 0, 31, 14, 7, 3, 3, 0, 44, 62, 53, 58, 90, 47, 23, 36, 23, 0, 47, 39, 39, 
15, 0, 11, 43, 44, 40, 0, 0, 19, 40, 21, 10, 15, 7, 20, 12, 0, 12, 20, 20, 45, 16, 11, 66, 20, 19, 33, 13, 22, 22, 0, 15, 25, 19, 14, 17, 17, 14, 0, 17, 32, 35, 4, 0, 10, 6, 12, 11, 20, 10, 21, 15, 14, 24, 31, 36, 29, 34, 0, 6, 3, 9, 20, 26, 16, 2, 0, 4, 28, 1, 18, 31, 30, 10, 47, 17, 37, 0, 33, 82, 66, 69, 80, 95, 62, 13, 10, 7, 2, 30, 31, 47, 
24, 26, 0, 14, 37, 42, 26, 0, 30, 27, 2, 14, 12, 29, 11, 15, 7, 12, 16, 16, 0, 13, 28, 26, 0, 0, 9, 0, 24, 34, 26, 8, 3, 31, 0, 15, 10, 12, 23, 19, 27, 16, 0, 0, 7, 31, 31, 0, 19, 28, 15, 31, 38, 7, 0, 37, 19, 37, 19, 11, 26, 9, 19, 23, 16, 30, 26, 0, 25, 1, 19, 43, 29, 3, 57, 14, 34, 18, 60, 92, 55, 41, 29, 65, 60, 5, 0, 0, 40, 44, 41, 55, 
1, 26, 49, 8, 21, 20, 53, 56, 33, 21, 7, 8, 18, 7, 9, 10, 14, 15, 49, 0, 0, 5, 26, 4, 11, 0, 8, 0, 10, 32, 41, 48, 3, 58, 20, 41, 0, 24, 36, 13, 18, 39, 0, 18, 32, 52, 65, 20, 15, 0, 8, 0, 11, 30, 5, 16, 16, 16, 9, 36, 20, 16, 26, 11, 0, 19, 40, 42, 9, 21, 34, 27, 0, 0, 54, 45, 17, 53, 93, 89, 52, 43, 47, 72, 39, 0, 57, 63, 58, 48, 41, 39, 
56, 65, 37, 0, 0, 15, 33, 91, 41, 27, 34, 0, 21, 24, 13, 0, 32, 29, 34, 13, 2, 40, 11, 46, 41, 1, 0, 42, 67, 45, 28, 36, 28, 26, 22, 39, 53, 36, 23, 6, 22, 37, 46, 82, 73, 83, 99, 46, 35, 0, 0, 0, 28, 11, 11, 27, 68, 66, 36, 0, 3, 42, 21, 39, 29, 7, 35, 36, 19, 13, 40, 28, 15, 7, 52, 31, 5, 85, 100, 63, 34, 41, 32, 47, 0, 6, 82, 63, 57, 32, 49, 48, 
70, 59, 33, 47, 35, 12, 35, 21, 29, 26, 12, 20, 10, 12, 1, 20, 10, 21, 33, 29, 21, 0, 29, 31, 23, 17, 18, 18, 25, 34, 18, 34, 43, 21, 0, 0, 21, 26, 41, 56, 50, 53, 80, 76, 67, 72, 74, 74, 45, 47, 5, 44, 0, 15, 61, 31, 27, 12, 9, 18, 25, 28, 60, 45, 16, 0, 5, 24, 34, 21, 21, 48, 56, 0, 89, 99, 76, 133, 104, 38, 15, 16, 0, 12, 79, 39, 60, 76, 60, 16, 62, 73, 
